
-0.165333333333334,0.8
-0.389333333333333,0.277333333333333
-0.96,0.362666666666667
-0.565333333333334,-0.133333333333333
-0.906666666666667,-0.645333333333333
-0.213333333333333,-0.378666666666667
0.437333333333333,-0.714666666666667
0.218666666666667,-0.165333333333333
0.704,0.0960000000000001
0.0533333333333332,0.272
-0.221333333333333,0.669333333333333
-0.277333333333333,0.538666666666667
-0.333333333333333,0.408
-0.532,0.298666666666667
-0.674666666666667,0.32
-0.817333333333333,0.341333333333333
-0.861333333333333,0.238666666666667
-0.762666666666667,0.114666666666667
-0.664,-0.00933333333333319
-0.650666666666667,-0.261333333333333
-0.736,-0.389333333333333
-0.821333333333333,-0.517333333333333
-0.768,-0.592
-0.629333333333333,-0.538666666666667
-0.490666666666667,-0.485333333333333
-0.352,-0.432
-0.0831999999999999,-0.445866666666667
0.0469333333333334,-0.513066666666667
0.177066666666667,-0.580266666666667
0.3072,-0.647466666666667
0.382666666666667,-0.577333333333333
0.328,-0.44
0.273333333333333,-0.302666666666667
0.34,-0.0999999999999999
0.461333333333333,-0.0346666666666666
0.582666666666667,0.0306666666666668
0.573866666666667,0.1312
0.443733333333333,0.1664
0.3136,0.2016
0.183466666666667,0.2368
-0.00133333333333346,0.404
-0.0560000000000002,0.536
-0.110666666666667,0.668
-0.0873780829858326,-0.0538090276069669
-0.45541416948832,0.0686093073979688
-0.49115278165988,-0.301128509087298
-0.169078927135022,0.434005111466022
0.182327039193804,-0.430753976167152
0.353815828331795,0.0550935583751943
-0.743060027125462,0.232744530806816
0.275461802187686,-0.535201760277885
-0.316746761891235,-0.108776425811712
-0.191057359712938,0.169705738078662
0.0200704842158439,-0.227901535211688
0.0891601974095731,0.0303683917419862
-0.598885321643375,0.148559915219056
-0.599609156251986,-0.395099028002583
-0.166895870095019,0.569224871780042
-0.433582571682989,0.174771744569907
0.48308946745376,0.0697266833490118
-0.20711108280836,-0.212953898942223
-0.307722640473054,0.0563546064451147
-0.031376809653346,0.138936393684472
0.0195957355343697,-0.0935821051195495
-0.0984215759357915,0.285935759761788
-0.249627715526849,0.295395710735773
0.223994427398718,-0.0261338306433723
0.0359464898499499,-0.365819799594123
0.13938932640522,-0.277391125436924
-0.441179964474496,-0.140388532190673
-0.522995264107567,-0.0147782780971307
0.210833759423443,0.109106928172962
-0.337357837008675,-0.26187004516265
-0.0897569646382756,-0.298586186009939
-0.1407518012604,0.042531177932733
0.101007738360909,0.157426074553425
-0.409761601195057,-0.0267289646364084
-0.192395106079173,-0.0721405887903682
-0.030582124029168,0.0129941238760557
-0.314820422468551,0.195369269186283
0.131414606286145,-0.0852575599253378
0.105814620104414,-0.170247114100365
-0.0899185854143708,-0.159805231915668
-0.193333333333334,0.734666666666666
-0.249333333333333,0.604
-0.305333333333333,0.473333333333333
-0.361333333333333,0.342666666666667
-0.460666666666667,0.288
-0.603333333333333,0.309333333333333
-0.746,0.330666666666667
-0.888666666666666,0.352
-0.910666666666667,0.300666666666667
-0.812,0.176666666666667
-0.713333333333333,0.0526666666666668
-0.614666666666667,-0.0713333333333332
-0.608,-0.197333333333333
-0.693333333333333,-0.325333333333333
-0.778666666666667,-0.453333333333333
-0.864,-0.581333333333333
-0.837333333333333,-0.618666666666667
-0.698666666666667,-0.565333333333333
-0.56,-0.512
-0.421333333333333,-0.458666666666667
-0.282666666666667,-0.405333333333333
-0.148266666666666,-0.412266666666667
-0.0181333333333332,-0.479466666666667
0.112,-0.546666666666667
0.242133333333333,-0.613866666666667
0.372266666666667,-0.681066666666667
0.41,-0.646
0.355333333333333,-0.508666666666667
0.300666666666667,-0.371333333333333
0.246,-0.234
0.279333333333333,-0.132666666666667
0.400666666666667,-0.0673333333333332
0.522,-0.00199999999999989
0.643333333333334,0.0633333333333334
0.638933333333333,0.1136
0.5088,0.1488
0.378666666666667,0.184
0.248533333333333,0.2192
0.1184,0.2544
0.0259999999999999,0.338
-0.0286666666666668,0.47
-0.0833333333333335,0.602
-0.138,0.734
-0.839333333333333,0.29
-0.794666666666667,-0.554666666666667
-0.682666666666667,-0.464
-0.725333333333333,-0.528
0.344933333333333,-0.6124
0.578266666666667,0.0809333333333334
-0.166,0.668666666666666
-0.528243057496607,-0.217230921210316
-0.570909724163273,-0.281230921210316
-0.490909724163273,-0.393230921210316
-0.42157639082994,-0.366564254543649
-0.223206130234178,0.486335889066344
-0.251206130234178,0.421002555733011
-0.0852061302341778,0.419002555733011
-0.112539463567511,0.485002555733011
0.114630186263569,-0.471910321416909
0.179696852930236,-0.505510321416909
0.255163519596902,-0.435376988083576
0.227830186263569,-0.366710321416909
0.346907914165898,-0.0224532208124028
0.407574580832564,0.0102134458542639
0.398774580832564,0.110746779187597
0.333707914165898,0.128346779187597
-0.708863346896064,0.276372265403408
-0.780196680229398,0.287038932070074
-0.802196680229398,0.235705598736741
-0.752863346896064,0.173705598736741
0.226264234427177,-0.557734213472276
0.291330901093843,-0.591334213472276
0.329064234427177,-0.556267546805609
0.301730901093843,-0.487600880138943
0.228894420690745,-0.482977868222519
-0.565442660821687,0.223613290942861
-0.636775994155021,0.234279957609528
-0.680775994155021,0.131613290942861
-0.631442660821687,0.0696132909428614
-0.527149745565847,0.108584611308512
-0.670972674384418,0.190652223012936
-0.625137911459326,-0.328216180667958
-0.667804578125993,-0.392216180667958
-0.61447124479266,-0.466882847334625
-0.545137911459326,-0.440216180667958
-0.545380968955933,-0.34811376854494
-0.194114601714176,0.619279102556687
-0.222114601714176,0.553945769223354
-0.11144793504751,0.552612435890021
-0.138781268380843,0.618612435890021
-0.167987398615021,0.501614991623032
-0.411457952508161,0.22605253895162
-0.482791285841494,0.236719205618287
-0.444498370585654,0.121690525983938
-0.516233946663182,0.161665829894482
0.472211400393547,0.0175300083411726
0.532878067060213,0.0501966750078393
0.528478067060213,0.100463341674506
0.463411400393547,0.118063341674506
0.418452647892778,0.062410120862103
-0.210222208070847,-0.295810282804445
-0.261928922349798,-0.160865162376968
-0.381568404980687,0.0624819569215417
-0.312234701182145,-0.0262109096832987
-0.249390000092996,0.113030172261888
-0.370652606078022,0.115563175507511
0.0109782618399936,0.205468196842236
-0.111217084683142,0.154321065881567
0.0288916938781135,0.0846523927132291
-0.0338911737257315,-0.0736955663632582
0.0198331098751068,-0.160741820165619
0.0543779664719714,-0.0316068566887817
-0.0225441213012291,0.278967879880894
-0.0498774546345625,0.344967879880894
-0.133750251535407,0.359970435613905
-0.144739467824365,0.227820748920225
-0.0648991927945688,0.21243607672313
-0.319480524430091,0.286364522034553
-0.291480524430091,0.351697855367886
-0.209353321330936,0.364700411100897
-0.220342537619894,0.232550724407217
-0.17402464573132,0.29066573524878
0.221330547032692,-0.0957335819883527
0.281997213699359,-0.0630669153216861
0.288905127865256,0.014479863865911
0.156577312404145,0.00211728054930697
-0.023626755075025,-0.405843233130395
0.0414399115916417,-0.439443233130395
0.109136764521877,-0.398286887880638
0.0280084870328969,-0.296860667402905
0.179027996535943,-0.221362229385128
0.206361329869277,-0.290028896051795
0.160858182799512,-0.354072550802038
0.079729905310532,-0.252646330324306
0.0876679081275851,-0.321605462515523
-0.503256648903915,-0.136860932762003
-0.466166373067188,-0.220758520638986
-0.378963363182865,-0.124582479001193
-0.54416429872045,-0.074055805715232
-0.593497632053783,-0.012055805715232
-0.489204716797943,0.026915514650419
-0.560940292875471,0.0668908185609627
-0.482087614291031,-0.0775834051439019
0.262216879711722,0.155353464086481
0.197150213045055,0.172953464086481
0.282324793877619,0.0821002432740783
0.149996978416508,0.0697376599574742
0.217414093411081,0.041486548764795
-0.275345585171004,-0.320268355914658
-0.344678918504338,-0.346935022581325
-0.414255309334277,-0.281499277124974
-0.327052299449955,-0.185323235487181
-0.272234459908518,-0.237411972052436
-0.389268900741585,-0.201129288676661
-0.151545148985804,-0.338626426338303
-0.0864784823191377,-0.372226426338303
-0.0348432402112158,-0.263243860610813
-0.148434023723318,-0.255770042476081
-0.0269052373941628,-0.332202992802031
-0.114064942123116,-0.00563892483711699
-0.165904580486669,0.106118458005698
-0.224237220866727,0.0494428921889238
-0.086064305456873,0.0907337858086025
0.0771705358471213,0.214713037276713
0.142237202513788,0.197113037276713
0.0950839678852412,0.0938972331477058
0.0348154643537816,0.148181234118949
0.155920748892176,0.133266501363194
-0.432587885341689,0.0209401713807802
-0.363254181543146,-0.0677526952240602
-0.358742120834056,0.0148128209043531
-0.425470782834777,-0.0835587484135407
-0.466378432651312,-0.0207536213667696
-0.139886594532503,-0.0629748081986676
-0.254570933985204,-0.0904585073010401
-0.199753094443766,-0.142547243866296
-0.250058873276114,-0.00789299117262677
-0.166573453669786,-0.0148047054288176
-0.0589801035075003,-0.0204074518654556
0.0292890366902025,0.021681257809021
-0.030979466841257,0.0759652587802638
-0.00549319424739916,-0.0402939906217469
-0.085666962644784,0.0277626509043943
-0.352076877900942,0.236351301259808
-0.252938891090745,0.182537503632473
-0.37420149707577,0.185070506878095
-0.311271531470803,0.125861937815699
-0.2822240689977,0.245382489961028
0.175040636476406,-0.125295446629336
0.110287401847859,-0.0274445840916758
0.0755051709102572,-0.0894198325224437
0.177704516842431,-0.055695695284355
0.162240643385541,-0.167790223716849
0.0629425521601291,-0.199074324656026
0.0627051778193921,-0.131914609609957
0.122601973254817,-0.223819119768644
0.11861461319528,-0.127752337012851
-0.0886483342001017,-0.106807129761318
-0.0349240505992634,-0.193853383563678
-0.148514834111366,-0.186379565428946
-0.0351614249400005,-0.126693668517609
-0.0898377750263232,-0.229195708962804
-0.141156845746772,-0.115972910353018
