13,87,202
3,92,91
69,214,279
19,95,223
22,99,128
71,225,223
7,110,109
73,233,232
46,137,234
43,126,133
47,139,203
11,170,133
11,85,170
65,198,205
15,160,89
15,90,150
14,176,88
50,151,152
22,130,98
24,130,101
46,135,169
20,97,165
46,134,135
21,129,166
36,117,132
33,113,215
48,143,158
61,184,241
29,108,154
27,239,105
48,142,143
13,139,86
40,122,248
49,147,183
35,116,179
64,194,278
67,206,207
49,146,147
37,181,132
65,200,196
47,141,174
69,216,215
72,228,251
18,161,153
79,266,262
26,137,103
62,186,254
47,140,141
83,284,281
51,155,156
33,145,112
39,149,120
72,229,227
17,93,152
19,162,94
31,111,156
32,144,157
62,189,186
4,134,219
41,197,123
70,221,255
72,227,228
28,211,106
78,260,258
74,242,240
52,187,253
56,160,164
24,102,167
25,136,168
42,125,172
12,138,171
59,178,177
56,178,159
37,119,181
38,148,182
52,185,258
83,285,282
63,191,246
66,201,271
41,140,197
64,195,265
34,146,207
78,259,286
62,188,270
53,191,199
59,269,175
65,205,199
67,208,231
67,209,275
48,212,142
68,212,218
64,278,274
54,213,217
70,220,237
52,235,185
56,225,163
70,226,219
63,192,250
55,209,230
73,232,236
70,237,221
54,194,282
74,239,242
62,245,188
55,192,263
10,190,247
55,230,249
71,226,256
71,256,224
62,260,245
75,261,243
64,265,193
63,246,264
59,189,269
53,204,268
55,195,273
8,206,272
54,217,277
8,272,276
61,241,283
78,286,257
2,201,87
17,127,92
8,276,214
4,222,95
5,100,99
56,162,225
31,131,110
26,104,233
26,233,137
1,84,126
13,202,139
58,173,170
12,171,85
47,203,198
56,159,160
16,151,90
59,175,176
16,127,151
24,129,130
22,128,130
20,165,135
21,166,97
4,96,134
24,167,129
9,118,117
8,214,113
29,154,143
6,238,184
30,155,108
74,238,239
28,107,142
47,138,139
10,247,122
35,179,147
36,180,116
54,277,194
8,114,206
34,115,146
60,180,181
63,190,200
42,172,141
48,145,216
40,248,228
56,164,161
75,243,266
46,136,137
45,252,186
41,124,140
64,193,284
30,131,155
48,144,145
49,148,149
49,149,229
18,153,93
56,161,162
32,157,111
48,158,144
59,177,189
46,220,134
65,196,197
52,253,221
39,121,227
68,210,211
62,187,260
68,213,242
62,254,187
15,150,160
25,168,102
46,169,136
43,173,125
47,174,138
56,163,178
59,176,178
38,182,119
49,183,148
61,259,185
74,240,285
53,244,191
2,267,201
47,198,140
55,263,195
49,208,146
61,283,259
53,268,188
63,200,191
80,267,269
66,204,205
49,229,208
55,273,209
68,211,212
48,216,212
82,280,278
68,218,213
46,234,220
73,236,235
71,224,225
71,222,226
55,249,192
67,231,209
6,184,232
73,235,237
64,284,194
27,210,239
75,244,245
63,264,192
63,250,190
72,251,230
70,255,226
77,252,256
78,261,260
78,257,261
79,262,265
75,266,246
62,270,189
66,271,204
64,274,195
67,275,206
69,279,217
81,280,272
74,285,241
83,281,286
66,202,201
16,91,127
82,279,276
71,223,222
23,128,100
19,223,162
30,109,131
6,232,104
73,234,233
11,133,84
66,203,202
43,133,173
58,170,171
66,205,203
14,89,159
50,150,151
2,88,175
17,152,127
21,98,129
23,101,128
57,169,165
57,165,166
20,135,96
57,166,167
37,132,118
69,215,214
51,158,154
74,241,238
51,154,155
6,105,238
29,143,107
12,86,138
76,248,247
60,183,179
60,179,180
82,278,277
34,207,114
35,147,115
36,132,180
10,196,190
58,174,172
33,215,145
76,251,248
50,153,164
44,262,243
25,103,136
77,254,252
42,141,124
44,281,193
31,156,131
32,112,144
38,120,148
39,227,149
50,152,153
18,94,161
51,156,157
51,157,158
45,186,177
70,219,220
10,123,196
77,255,253
40,228,121
27,106,210
52,258,187
54,240,213
77,253,254
50,164,150
57,167,168
57,168,169
58,172,173
58,171,174
45,177,163
14,159,176
60,181,182
60,182,183
78,258,259
54,282,240
75,246,244
80,271,267
65,197,198
79,265,263
67,207,208
83,286,283
80,270,268
65,199,200
2,175,267
53,199,204
72,231,229
81,275,273
28,142,211
69,218,216
81,274,280
69,217,218
73,237,234
61,185,236
45,163,224
4,219,222
76,250,249
72,230,231
61,236,184
52,221,235
83,282,284
68,242,210
53,188,244
79,263,264
76,247,250
76,249,251
77,256,255
45,224,252
75,245,261
44,243,257
44,193,262
79,264,266
80,269,270
80,268,271
81,273,274
81,272,275
82,277,279
82,276,280
83,283,285
44,257,281
201,202,87
127,91,92
276,279,214
222,223,95
100,128,99
162,223,225
131,109,110
104,232,233
233,234,137
84,133,126
202,203,139
173,133,170
171,170,85
203,205,198
159,89,160
151,150,90
175,88,176
127,152,151
129,98,130
128,101,130
165,169,135
166,165,97
96,135,134
167,166,129
118,132,117
214,215,113
154,158,143
238,241,184
155,154,108
238,105,239
107,143,142
138,86,139
247,248,122
179,183,147
180,179,116
277,278,194
114,207,206
115,147,146
180,132,181
190,196,200
172,174,141
145,215,216
248,251,228
164,153,161
243,262,266
136,103,137
252,254,186
124,141,140
193,281,284
131,156,155
144,112,145
148,120,149
149,227,229
153,152,93
161,94,162
157,156,111
158,157,144
177,186,189
220,219,134
196,123,197
253,255,221
121,228,227
210,106,211
187,258,260
213,240,242
254,253,187
150,164,160
168,167,102
169,168,136
173,172,125
174,171,138
163,177,178
176,159,178
182,181,119
183,182,148
259,258,185
240,282,285
244,246,191
267,271,201
198,197,140
263,265,195
208,207,146
283,286,259
268,270,188
200,199,191
267,175,269
204,199,205
229,231,208
273,275,209
211,142,212
216,218,212
280,274,278
218,217,213
234,237,220
236,185,235
224,163,225
222,219,226
249,250,192
231,230,209
184,236,232
235,221,237
284,282,194
210,242,239
244,188,245
264,263,192
250,247,190
251,249,230
255,256,226
252,224,256
261,245,260
257,243,261
262,193,265
266,264,246
270,269,189
271,268,204
274,273,195
275,272,206
279,277,217
280,276,272
285,283,241
281,257,286
